100
10000
10007
10013
10014
1003
10038
10039
10060
10062
10092
10093
10094
10095
10096
10097
10105
10109
10114
10157
1017
10188
1019
102
1020
10206
1021
10213
1022
1024
10242
10243
10247
10249
1025
10257
10266
10267
10268
10280
10298
10327
1036
10376
10381
10382
10383
10396
10423
10432
10434
10455
10461
10465
1048
10494
10499
10544
10558
10599
10606
10627
10645
1066
10667
10673
10682
107
1072
10733
10746
10769
10783
10797
108
1080
10800
1081
10825
10841
10845
10846
10873
10893
10901
10975
10988
10989
10993
11011
11019
11034
11040
1105
1109
11096
111
1111
11112
11113
11156
1118
11183
11184
11185
11200
1121
11212
11213
112398
112399
11240
11251
11253
11255
1128
1129
11309
1131
11313
11315
11329
1133
11343
113451
1135
1136
113675
1137
1138
1139
1141
1142
1143
1145
1147
114757
1152
115584
1158
116443
116444
116447
117144
117155
1178
119391
1196
1198
120892
1215
121642
122011
122622
1230
123263
1233
1234
1237
124
1241
1244
124454
124583
125
126
1263
1268
127
1277
1278
127833
128
1280
1281
130589
131
1311
1312
132
1326
1327
134
1340
134864
135
1351
1356
1360
1363
1371
1374
1376
1384
1385
1392
139596
140465
140609
140801
142
1421
1429
1432
1436
1438
1439
1441
1445
1452
145226
1453
1454
145482
1455
1456
1457
1459
146802
147
148
1487
1491
1493
1499
150
150094
1503
1504
1508
1509
151
1511
1512
1513
151306
1514
1515
152
1520
152007
1528
153
1537
154
1543
1544
1545
1548
154807
155
1555
1557
1558
1559
156
1565
1571
1573
1576
1577
1584
1585
1586
1588
159
1595
16
1610
1612
1613
1615
1621
162417
162466
1632
1633
1635
1636
1644
1645
165140
1656
1666
1717
1719
1723
1725
1727
1728
1737
1738
176
1760
178
1786
1787
18
1803
1804
1806
1812
1813
1814
1815
1816
185
1854
1859
186
1880
1889
189
1896
19
190
1901
1903
1909
191
1910
1938
1950
1956
196
1962
1969
1977
1990
1991
2
2006
200895
200959
2011
2023
202374
2028
203068
2034
2041
2042
2043
2044
2045
2046
2047
2048
204851
2049
2050
2051
2053
2058
2064
2065
2066
207
208
2081
2098
2099
210
2100
2101
2103
2104
211
2110
212
213
2147
2149
215
2152
2153
2155
2157
2158
2159
216
2160
2162
2166
2167
2168
2169
217
2170
2171
2172
218
2180
2181
2182
2185
219
2191
2193
2194
219931
220
2201
2203
2207
2208
2209
221
221120
2212
2213
221357
221955
2222
2224
223
2235
224
2241
2242
2243
2244
2246
2247
225689
226
2260
2261
2263
2264
2266
2268
2280
22820
22848
22858
22933
22934
22978
22983
23012
23028
23043
231
23113
23173
2321
2322
23235
2324
2339
23395
23396
23408
2342
23450
2346
23464
23475
23476
2350
23521
2353
23530
23541
23549
2356
23564
23569
2357
23576
23590
23604
23620
23621
23643
23649
23657
23659
23678
23683
23743
238
239
240
241
24145
2444
246
2475
2492
2495
25
250
2512
2517
2534
2539
2548
2550
2554
2555
2556
2557
2558
2559
2560
2561
2562
2563
2564
2565
2566
2567
2568
2569
2570
2571
2572
25797
25801
2582
25824
2584
259
2592
2593
2597
25974
25989
26
26013
26090
26155
2617
262
26227
26229
26275
2628
2629
26330
2638
2639
2642
2643
2645
26524
26576
2671
2678
2683
26873
2690
2697
27
27018
27032
27034
27036
27042
27071
27087
27094
27148
27159
27165
2717
27232
27284
2729
2730
27306
2731
27330
27345
27347
2735
2736
2739
2740
2741
2742
2743
2744
2745
2746
2747
2752
276
2762
2778
2779
2782
279
2792
2798
2805
2806
2811
2815
2821
28234
283
2831
2840
2841
2852
285220
2859
286204
2864
2872
2875
2876
2877
2878
2879
2882
2890
2891
2892
2893
2894
2895
28960
2897
2898
28988
2899
28996
290
2900
2901
2902
2903
2904
2905
2906
2908
2911
29110
2912
2913
2914
2915
2916
2917
2918
2919
2931
2932
2934
2936
2937
2938
2939
2940
2941
2944
2946
2947
2948
2949
2950
2952
2954
29796
2987
29881
2990
29933
29968
30
3002
301
302
3028
3029
3030
3033
3035
3039
3043
3053
3055
3065
3066
3067
3074
3082
30835
3087
3091
3094
3098
31
3105
3106
3118
3140
3141
3156
316
3162
3163
317
3172
3174
3176
3178
319100
32
3248
3249
3251
3265
326625
3269
328
3283
3284
3292
3294
3295
3303
3309
3312
3315
332
3320
3326
3339
3350
3351
3352
3354
3355
3356
3357
3358
3359
3360
3361
3362
3376
3383
338442
338557
34
3416
3417
3420
3421
3422
3454
3455
3456
3458
3459
3460
347732
347733
3479
348
3480
3482
3486
3490
349565
35
350
351
353
3551
3553
3558
3559
3560
3561
3562
3563
3567
3569
3570
3576
3577
358
3593
36
3612
3613
3614
3615
3619
3620
3623
3628
3630
3643
3645
3654
3667
3669
367
3674
3676
3683
3685
3688
3689
369
3690
3702
3712
3716
3717
3718
3725
373156
3735
3736
3738
3741
374291
3749
375
3751
3752
3753
3757
3758
3760
3762
3763
3764
3767
3768
3775
3776
3777
3778
378
3780
3781
3782
3783
3784
3785
3786
378807
3791
3799
38
3815
3818
382
383
3832
384
3845
387
387129
388
389434
389840
39
3932
3934
3938
3939
3945
3949
3973
3978
3980
3984
3985
3992
3998
40
4035
4036
4048
4049
4056
4057
4058
4067
4094
41
4117
412
4123
4128
4129
4130
4133
4137
4139
414
4140
4144
4145
4146
415116
4158
4179
4190
4191
4199
4200
4214
4215
4216
4233
4255
4257
4258
4259
4282
4283
4293
4294
4296
43
4306
4311
4312
4313
4314
4317
4318
4321
4322
4323
4324
4325
4326
4329
435
4353
4363
438
439
440
440275
443
444
445
4486
4504
4507
4522
4524
4543
4544
4547
4548
4552
4583
4593
4594
4598
462
4625
4638
4661
4694
4695
4696
4697
4698
4700
4701
4702
4704
4705
4706
4707
4708
4709
471
4710
4711
4712
4713
4714
4715
4716
4717
4718
4719
4720
4722
4723
4724
4725
4726
4728
4729
4731
475
4750
4751
4752
4758
4759
476
4779
4790
4791
4803
4809
4811
4830
4831
4836
4842
4843
4846
4852
4856
486
4860
4869
487
4879
4883
4886
4887
4907
4914
4915
4916
4921
493869
4942
4946
4947
4953
4967
498
4985
4986
4987
4988
5009
501
5019
5021
5023
5024
5025
5028
5029
5030
5032
5045
50484
50488
5050
50507
5053
5054
5055
5058
506
5062
5063
50632
5066
50700
509
5091
50940
50945
5095
51
51022
5104
5105
51056
51060
51067
51079
51086
51091
5110
51109
51121
51135
51166
51170
51175
51181
51187
5122
51228
5126
51268
5127
51284
513
5130
51305
51311
51347
5136
5138
51382
51399
5140
5141
5142
5144
51451
5147
51477
5148
5151
5152
51520
5153
5156
51564
5159
51596
5160
5161
5162
5163
5164
5165
5166
5167
51686
5170
51701
51727
51765
51776
5184
5188
5196
5198
5207
5210
5213
5217
5218
5226
5229
5241
5243
526
5261
5264
5265
5268
5269
5277
5287
5288
5289
5290
5291
5292
5293
5294
5295
5296
5298
5300
5313
5315
5319
5320
5321
5327
5328
5329
53343
5337
5338
5340
5347
5351
5366
53904
53944
5395
5408
54101
54106
54107
54205
54210
5422
5426
5427
54331
54363
5443
5444
5447
54498
545
54583
5465
5467
54677
5468
5469
547
54704
5476
5478
5479
54795
5480
54820
54861
54878
54884
54935
5499
55
55034
551
55117
5515
55157
5516
55163
5518
55191
55193
552
5520
55214
55217
55239
55244
5527
553
5530
55304
5531
55312
5534
55351
554
5547
55561
55577
55584
5562
55627
5563
5564
5565
5566
55662
5567
5569
5573
5578
5579
55799
558
5580
55800
5581
5582
55825
5583
5584
5585
5586
55867
55869
5587
55879
5588
5590
55902
55907
5591
5592
5593
5594
5595
5596
55967
5597
5598
5599
5600
5601
5602
5603
5604
5605
5606
5607
5608
5609
5610
5613
5618
5621
5624
5625
5627
563
5644
5646
56479
5653
566
56655
567
5682
5683
5684
5685
5686
5687
5688
5689
5690
5691
5692
56922
56924
5693
56934
5694
5695
5696
56997
570
57016
57026
57053
5707
5708
57105
57144
5724
5729
573
5733
5734
5737
57380
5739
5740
5741
5742
5743
5747
57505
5753
57551
57591
57664
5770
57704
5771
5775
5777
57787
5786
5787
5791
58
5802
5817
5831
5832
5834
5836
5837
58485
58497
586
5860
587
5870
5871
5875
5876
5879
5888
5894
590
5911
5914
5915
5916
5925
59272
59338
59340
59342
5947
5949
595
5950
5959
596
5967
5970
5972
5973
5979
598
6010
6011
6035
6036
6037
6038
60490
6093
6095
6096
6097
6098
6122
6125
6132
6135
6138
6143
6147
6167
6181
6195
6196
6197
6198
622
624
6240
6241
6256
6257
6258
6261
6271
6273
6275
6278
6282
6283
6284
6285
6286
6288
629
6300
6301
6303
632
6323
6324
6326
6327
6328
6330
6331
6336
6337
6338
6339
634
6340
6347
635
6355
63826
6383
6387
6389
6390
6391
6392
6399
640
6401
6403
64087
641
64146
6416
64175
6422
643834
644
6441
6446
645
6464
6469
6470
6472
6476
64802
64805
649
64902
6500
6505
65078
6513
652
6523
6524
6529
6530
6531
6532
6538
6554
6565
657
6573
6578
658
6580
6581
6582
659
660
6608
6609
6611
6616
6626
6646
6647
6652
6675
6697
670
6714
6715
6716
6718
6721
6725
673
6732
6733
6750
6751
6752
6755
6768
6777
6783
6785
6787
6788
6789
6790
6792
6793
6794
6795
6817
6820
6821
6822
683
6833
6843
6844
6850
6868
6869
6870
6885
6890
6897
6898
6915
695
7001
7006
7010
7016
7018
7035
7046
7048
7052
7053
7054
7056
706
7067
7068
7075
7083
7097
7099
712
7123
7124
7125
713
7133
7134
7137
715
7150
7153
7155
716
7167
7173
7175
7184
7263
7264
7272
7276
7277
7278
7283
728642
729230
7294
7296
7297
7298
7299
7301
7358
7371
7376
7381
7384
7385
7388
7407
7412
7416
7417
7419
7421
7422
7442
7444
7448
7450
7453
7465
747
7498
7518
7525
7535
759
760
762
765
773
774
775
776
778
7786
779
780
781
783
784
7846
785
7852
7867
790
79001
79054
79068
7915
79158
7923
7941
79587
79631
79661
79731
79784
79837
79858
79885
79896
799
8001
801
80122
80150
80222
8029
80332
80351
8038
80834
80854
81033
811
814
815
81551
81570
816
81693
817
81788
818
819
8192
8204
821
826
8284
831
8312
8317
833
834
835
836
83903
83933
8394
83942
8396
840
8408
8424
84254
8428
8431
8444
84446
8445
84532
846
847
84706
8476
84790
8491
8503
8513
8527
85366
8550
8565
8566
8569
8573
8576
8600
8621
8622
8625
8630
8639
8644
8647
8648
8654
8658
8659
8698
8702
8703
8704
8711
8714
8722
873
8737
875
8754
8767
8788
8789
8801
8802
8803
8824
8829
883
8833
8841
8850
8851
8854
8856
8879
8883
8899
890
891
8911
8912
8913
8942
8972
8973
89832
8985
8986
8989
8999
90
90134
9024
9052
9054
9061
9088
909
91
9103
9113
9128
9131
9132
914
915
9159
916
917
91703
9175
91754
9177
91807
919
92
920
9201
9212
9227
9249
9252
9254
9261
9262
9263
9266
9290
93
931
9313
9340
9344
9349
9356
9360
9367
9376
9377
9397
94
941
94121
942
9424
9429
9446
9448
945
9453
9475
9479
949
9507
9517
9536
9568
9578
9588
960
9607
9611
9619
9641
9706
9718
9734
9748
9759
983
9833
9836
984
9874
9891
994
9942
9943
9955
9970
9971
